71.84588239703876
-29.84973524586766
-21.14417901090235
1.931951934713063
-1.7172747286381622
10.28199599217726
3.2759114559225986
51.38580045700314
28.923619633742444
-42.676427401530894
-10.317044866412703
-20.926830694814274
-25.06668584985606
11.7614196406185
19.20339288720836
-33.054115941490544
4.238700366621997
-25.002979388594404
-58.10535559991325
17.444069064978986
13.962658230222049
-75.97837364164698
3.4977108400473744
22.2429472812399
-19.529248461801124
1.1544026191444678
-8.765267378462209
6.803676228939559
-2.073726080445884
-15.247495296029971
-17.866950183593175
4.219429523801095
24.707933173661687
51.39125024450645
4.390033520861172
-3.6484224576195556
-29.56843629240577
19.745659458509984
-18.909090543560115
13.171607364390171
19.392182617342513
34.046106494290164
21.89904742281262
-20.24134901687846
8.493871507692159
-63.86222619209768
-5.520418597485826
37.98684479520361
-10.160516482793888
-6.986513531535735
14.759695138374953
-0.5434057388033501
-7.608964070501481
23.954962063266322
38.318290460339284
9.063174762709641
-13.939961797994702
36.31394624551396
-31.72039121887655
-31.552133618125783
24.209396636466348
32.71364132434576
31.581573159316417
-1.7928591376389331
-6.934700415110479
37.7968914425235
-12.892347847137016
-4.5915535139858985
-48.33458130636064
-41.86480341166238
19.3533492154447
21.99894573291869
-14.958454478834998
19.600842715255443
-42.082073990904235
-1.346221552345775
27.876756031558564
-4.329791089202466
23.189366908759013
-58.82580480113687
40.585177698032766
-41.76438619209138
-21.790578344899043
-23.28842179727779
-28.239786461559326
19.191964459616127
11.057756086915733
-23.750977305588368
36.44105411060149
